generation: 0 mean_cost: 5.054802230175065e+16 min_cost: 4.843056885875727e+16
generation: 1 mean_cost: 4.987454443504626e+16 min_cost: 4.764070433324891e+16
generation: 2 mean_cost: 4.971772796071384e+16 min_cost: 4.721726891460865e+16
generation: 3 mean_cost: 4.963448167804861e+16 min_cost: 4.718683282039312e+16
