0.000000000000000000e+00,-0.000000000000000000e+00,-0.000000000000000000e+00,9.655171916929507861e+05,-0.000000000000000000e+00,0.000000000000000000e+00,-0.000000000000000000e+00,-0.000000000000000000e+00,0.000000000000000000e+00,0.000000000000000000e+00,0.000000000000000000e+00,0.000000000000000000e+00,2.000000000000000000e+01,8.500000000000000000e+01
-0.000000000000000000e+00,-0.000000000000000000e+00,0.000000000000000000e+00,0.000000000000000000e+00,0.000000000000000000e+00,3.094433713131042509e+02,-0.000000000000000000e+00,-0.000000000000000000e+00,0.000000000000000000e+00,-0.000000000000000000e+00,-0.000000000000000000e+00,0.000000000000000000e+00,2.000000000000000000e+01,8.500000000000000000e+01
0.000000000000000000e+00,-0.000000000000000000e+00,0.000000000000000000e+00,5.164371566173624014e+05,0.000000000000000000e+00,0.000000000000000000e+00,-0.000000000000000000e+00,-0.000000000000000000e+00,0.000000000000000000e+00,0.000000000000000000e+00,0.000000000000000000e+00,0.000000000000000000e+00,2.000000000000000000e+01,8.500000000000000000e+01
0.000000000000000000e+00,-0.000000000000000000e+00,-0.000000000000000000e+00,7.182306153713171370e+05,-0.000000000000000000e+00,0.000000000000000000e+00,0.000000000000000000e+00,-0.000000000000000000e+00,0.000000000000000000e+00,0.000000000000000000e+00,0.000000000000000000e+00,-0.000000000000000000e+00,0.000000000000000000e+00,1.350000000000000000e+02
-0.000000000000000000e+00,0.000000000000000000e+00,-0.000000000000000000e+00,1.756392672867433401e+06,-0.000000000000000000e+00,0.000000000000000000e+00,0.000000000000000000e+00,0.000000000000000000e+00,0.000000000000000000e+00,0.000000000000000000e+00,0.000000000000000000e+00,-0.000000000000000000e+00,0.000000000000000000e+00,1.350000000000000000e+02
0.000000000000000000e+00,-0.000000000000000000e+00,0.000000000000000000e+00,1.756392672867433401e+06,0.000000000000000000e+00,0.000000000000000000e+00,-0.000000000000000000e+00,0.000000000000000000e+00,0.000000000000000000e+00,0.000000000000000000e+00,0.000000000000000000e+00,0.000000000000000000e+00,2.000000000000000000e+01,1.030873996882587988e+02
-0.000000000000000000e+00,-0.000000000000000000e+00,0.000000000000000000e+00,2.254053837797025684e+06,-0.000000000000000000e+00,0.000000000000000000e+00,-0.000000000000000000e+00,0.000000000000000000e+00,0.000000000000000000e+00,0.000000000000000000e+00,0.000000000000000000e+00,0.000000000000000000e+00,2.000000000000000000e+01,8.500000000000000000e+01
-0.000000000000000000e+00,-0.000000000000000000e+00,0.000000000000000000e+00,-0.000000000000000000e+00,0.000000000000000000e+00,6.866502160522460940e+01,1.193920321083387971e+05,0.000000000000000000e+00,0.000000000000000000e+00,1.000000000000000000e+07,-0.000000000000000000e+00,0.000000000000000000e+00,0.000000000000000000e+00,8.500000000000000000e+01
0.000000000000000000e+00,-0.000000000000000000e+00,0.000000000000000000e+00,9.655171916929507861e+05,0.000000000000000000e+00,3.039064944817901548e+01,0.000000000000000000e+00,0.000000000000000000e+00,0.000000000000000000e+00,1.000000000000000000e+07,0.000000000000000000e+00,0.000000000000000000e+00,0.000000000000000000e+00,8.500000000000000000e+01
0.000000000000000000e+00,-0.000000000000000000e+00,-0.000000000000000000e+00,0.000000000000000000e+00,0.000000000000000000e+00,0.000000000000000000e+00,1.337424967305708560e+05,0.000000000000000000e+00,0.000000000000000000e+00,1.000000000000000000e+07,-0.000000000000000000e+00,0.000000000000000000e+00,2.000000000000000000e+01,8.500000000000000000e+01
-0.000000000000000000e+00,-0.000000000000000000e+00,0.000000000000000000e+00,-0.000000000000000000e+00,-0.000000000000000000e+00,3.094433713131042509e+02,7.913584395066407160e+04,-0.000000000000000000e+00,0.000000000000000000e+00,1.000000000000000000e+07,-0.000000000000000000e+00,0.000000000000000000e+00,0.000000000000000000e+00,8.500000000000000000e+01
0.000000000000000000e+00,0.000000000000000000e+00,-0.000000000000000000e+00,9.655171916929507861e+05,0.000000000000000000e+00,-0.000000000000000000e+00,0.000000000000000000e+00,-0.000000000000000000e+00,0.000000000000000000e+00,0.000000000000000000e+00,0.000000000000000000e+00,0.000000000000000000e+00,0.000000000000000000e+00,1.350000000000000000e+02
0.000000000000000000e+00,-0.000000000000000000e+00,-0.000000000000000000e+00,1.582257247475618788e+05,0.000000000000000000e+00,-0.000000000000000000e+00,0.000000000000000000e+00,-0.000000000000000000e+00,0.000000000000000000e+00,0.000000000000000000e+00,0.000000000000000000e+00,-0.000000000000000000e+00,2.000000000000000000e+01,8.500000000000000000e+01
-0.000000000000000000e+00,-0.000000000000000000e+00,-0.000000000000000000e+00,0.000000000000000000e+00,0.000000000000000000e+00,0.000000000000000000e+00,4.948787435473033111e+04,0.000000000000000000e+00,0.000000000000000000e+00,1.000000000000000000e+07,-0.000000000000000000e+00,0.000000000000000000e+00,0.000000000000000000e+00,1.310099191615886411e+02
0.000000000000000000e+00,-0.000000000000000000e+00,0.000000000000000000e+00,-0.000000000000000000e+00,0.000000000000000000e+00,3.590000000000000000e+02,2.129634041823787629e+04,-0.000000000000000000e+00,0.000000000000000000e+00,1.000000000000000000e+07,-0.000000000000000000e+00,0.000000000000000000e+00,-0.000000000000000000e+00,8.500000000000000000e+01
0.000000000000000000e+00,-0.000000000000000000e+00,0.000000000000000000e+00,8.426473774578834127e+04,0.000000000000000000e+00,-0.000000000000000000e+00,0.000000000000000000e+00,-0.000000000000000000e+00,0.000000000000000000e+00,0.000000000000000000e+00,0.000000000000000000e+00,0.000000000000000000e+00,2.000000000000000000e+01,1.350000000000000000e+02
-0.000000000000000000e+00,-0.000000000000000000e+00,-0.000000000000000000e+00,0.000000000000000000e+00,0.000000000000000000e+00,0.000000000000000000e+00,2.536690312674691086e+04,-0.000000000000000000e+00,0.000000000000000000e+00,0.000000000000000000e+00,0.000000000000000000e+00,0.000000000000000000e+00,0.000000000000000000e+00,8.500000000000000000e+01
-0.000000000000000000e+00,-0.000000000000000000e+00,-0.000000000000000000e+00,9.655171916929507861e+05,0.000000000000000000e+00,-0.000000000000000000e+00,0.000000000000000000e+00,-0.000000000000000000e+00,-0.000000000000000000e+00,0.000000000000000000e+00,0.000000000000000000e+00,0.000000000000000000e+00,3.304480257872157711e+00,1.350000000000000000e+02
0.000000000000000000e+00,-0.000000000000000000e+00,-0.000000000000000000e+00,0.000000000000000000e+00,-0.000000000000000000e+00,0.000000000000000000e+00,0.000000000000000000e+00,-0.000000000000000000e+00,0.000000000000000000e+00,0.000000000000000000e+00,0.000000000000000000e+00,0.000000000000000000e+00,2.000000000000000000e+01,8.500000000000000000e+01
-0.000000000000000000e+00,0.000000000000000000e+00,-0.000000000000000000e+00,0.000000000000000000e+00,0.000000000000000000e+00,0.000000000000000000e+00,2.244025288046335845e+04,0.000000000000000000e+00,0.000000000000000000e+00,0.000000000000000000e+00,0.000000000000000000e+00,-0.000000000000000000e+00,0.000000000000000000e+00,8.500000000000000000e+01
-0.000000000000000000e+00,-0.000000000000000000e+00,-0.000000000000000000e+00,0.000000000000000000e+00,0.000000000000000000e+00,1.064785836294098260e+02,-0.000000000000000000e+00,0.000000000000000000e+00,-0.000000000000000000e+00,1.000000000000000000e+07,-0.000000000000000000e+00,0.000000000000000000e+00,0.000000000000000000e+00,8.500000000000000000e+01
0.000000000000000000e+00,-0.000000000000000000e+00,0.000000000000000000e+00,-0.000000000000000000e+00,0.000000000000000000e+00,1.738752045496535459e+02,5.374148795731899008e+04,-0.000000000000000000e+00,0.000000000000000000e+00,1.000000000000000000e+07,-0.000000000000000000e+00,0.000000000000000000e+00,2.000000000000000000e+01,9.950246490868117633e+01
0.000000000000000000e+00,-0.000000000000000000e+00,-0.000000000000000000e+00,3.330027152698704740e+05,-0.000000000000000000e+00,0.000000000000000000e+00,0.000000000000000000e+00,-0.000000000000000000e+00,0.000000000000000000e+00,0.000000000000000000e+00,0.000000000000000000e+00,0.000000000000000000e+00,8.550247826434283382e+00,1.350000000000000000e+02
0.000000000000000000e+00,-0.000000000000000000e+00,-0.000000000000000000e+00,0.000000000000000000e+00,0.000000000000000000e+00,0.000000000000000000e+00,5.324587028003818705e+04,-0.000000000000000000e+00,0.000000000000000000e+00,0.000000000000000000e+00,-0.000000000000000000e+00,0.000000000000000000e+00,-0.000000000000000000e+00,9.733219614036327982e+01
-0.000000000000000000e+00,-0.000000000000000000e+00,-0.000000000000000000e+00,1.463893922447312158e+06,0.000000000000000000e+00,-0.000000000000000000e+00,0.000000000000000000e+00,-0.000000000000000000e+00,0.000000000000000000e+00,0.000000000000000000e+00,-0.000000000000000000e+00,0.000000000000000000e+00,2.000000000000000000e+01,1.350000000000000000e+02
0.000000000000000000e+00,-0.000000000000000000e+00,0.000000000000000000e+00,9.655171916929507861e+05,0.000000000000000000e+00,3.094433713131042509e+02,0.000000000000000000e+00,0.000000000000000000e+00,0.000000000000000000e+00,0.000000000000000000e+00,-0.000000000000000000e+00,0.000000000000000000e+00,0.000000000000000000e+00,8.500000000000000000e+01
0.000000000000000000e+00,-0.000000000000000000e+00,-0.000000000000000000e+00,9.655171916929507861e+05,0.000000000000000000e+00,0.000000000000000000e+00,-0.000000000000000000e+00,-0.000000000000000000e+00,0.000000000000000000e+00,1.000000000000000000e+07,-0.000000000000000000e+00,0.000000000000000000e+00,2.000000000000000000e+01,1.350000000000000000e+02
0.000000000000000000e+00,-0.000000000000000000e+00,-0.000000000000000000e+00,9.655171916929507861e+05,0.000000000000000000e+00,0.000000000000000000e+00,-0.000000000000000000e+00,-0.000000000000000000e+00,0.000000000000000000e+00,0.000000000000000000e+00,-0.000000000000000000e+00,0.000000000000000000e+00,2.000000000000000000e+01,1.350000000000000000e+02
-0.000000000000000000e+00,-0.000000000000000000e+00,0.000000000000000000e+00,9.655171916929507861e+05,0.000000000000000000e+00,1.653149794731002657e+02,-0.000000000000000000e+00,-0.000000000000000000e+00,0.000000000000000000e+00,1.000000000000000000e+07,-0.000000000000000000e+00,0.000000000000000000e+00,2.000000000000000000e+01,9.292149692516230175e+01
-0.000000000000000000e+00,-0.000000000000000000e+00,-0.000000000000000000e+00,9.655171916929507861e+05,0.000000000000000000e+00,0.000000000000000000e+00,-0.000000000000000000e+00,-0.000000000000000000e+00,-0.000000000000000000e+00,0.000000000000000000e+00,-0.000000000000000000e+00,0.000000000000000000e+00,2.000000000000000000e+01,1.350000000000000000e+02
0.000000000000000000e+00,-0.000000000000000000e+00,-0.000000000000000000e+00,1.756392672867433401e+06,-0.000000000000000000e+00,0.000000000000000000e+00,2.263528086914504820e+04,-0.000000000000000000e+00,0.000000000000000000e+00,0.000000000000000000e+00,0.000000000000000000e+00,0.000000000000000000e+00,0.000000000000000000e+00,8.500000000000000000e+01
0.000000000000000000e+00,-0.000000000000000000e+00,-0.000000000000000000e+00,2.629433078172180103e+05,0.000000000000000000e+00,0.000000000000000000e+00,0.000000000000000000e+00,-0.000000000000000000e+00,-0.000000000000000000e+00,0.000000000000000000e+00,0.000000000000000000e+00,0.000000000000000000e+00,2.000000000000000000e+01,1.350000000000000000e+02
-0.000000000000000000e+00,-0.000000000000000000e+00,0.000000000000000000e+00,-0.000000000000000000e+00,0.000000000000000000e+00,0.000000000000000000e+00,5.374148795731899008e+04,-0.000000000000000000e+00,-0.000000000000000000e+00,1.000000000000000000e+07,0.000000000000000000e+00,0.000000000000000000e+00,0.000000000000000000e+00,8.500000000000000000e+01
0.000000000000000000e+00,-0.000000000000000000e+00,-0.000000000000000000e+00,9.655171916929507861e+05,0.000000000000000000e+00,-0.000000000000000000e+00,0.000000000000000000e+00,-0.000000000000000000e+00,0.000000000000000000e+00,-0.000000000000000000e+00,0.000000000000000000e+00,0.000000000000000000e+00,0.000000000000000000e+00,1.350000000000000000e+02
-0.000000000000000000e+00,-0.000000000000000000e+00,-0.000000000000000000e+00,9.655171916929507861e+05,0.000000000000000000e+00,0.000000000000000000e+00,-0.000000000000000000e+00,-0.000000000000000000e+00,0.000000000000000000e+00,0.000000000000000000e+00,0.000000000000000000e+00,0.000000000000000000e+00,1.722981793580119714e+01,1.350000000000000000e+02
-0.000000000000000000e+00,-0.000000000000000000e+00,-0.000000000000000000e+00,1.756392672867433401e+06,-0.000000000000000000e+00,0.000000000000000000e+00,0.000000000000000000e+00,-0.000000000000000000e+00,0.000000000000000000e+00,0.000000000000000000e+00,0.000000000000000000e+00,0.000000000000000000e+00,0.000000000000000000e+00,1.030873996882587988e+02
0.000000000000000000e+00,-0.000000000000000000e+00,-0.000000000000000000e+00,9.655171916929507861e+05,0.000000000000000000e+00,0.000000000000000000e+00,0.000000000000000000e+00,-0.000000000000000000e+00,0.000000000000000000e+00,0.000000000000000000e+00,0.000000000000000000e+00,0.000000000000000000e+00,2.000000000000000000e+01,1.350000000000000000e+02
-0.000000000000000000e+00,-0.000000000000000000e+00,0.000000000000000000e+00,0.000000000000000000e+00,-0.000000000000000000e+00,0.000000000000000000e+00,-0.000000000000000000e+00,-0.000000000000000000e+00,0.000000000000000000e+00,0.000000000000000000e+00,0.000000000000000000e+00,0.000000000000000000e+00,0.000000000000000000e+00,1.350000000000000000e+02
0.000000000000000000e+00,-0.000000000000000000e+00,-0.000000000000000000e+00,1.324395882585459854e+06,0.000000000000000000e+00,0.000000000000000000e+00,-0.000000000000000000e+00,-0.000000000000000000e+00,0.000000000000000000e+00,0.000000000000000000e+00,0.000000000000000000e+00,0.000000000000000000e+00,0.000000000000000000e+00,8.500000000000000000e+01
-0.000000000000000000e+00,-0.000000000000000000e+00,0.000000000000000000e+00,0.000000000000000000e+00,-0.000000000000000000e+00,0.000000000000000000e+00,-0.000000000000000000e+00,0.000000000000000000e+00,0.000000000000000000e+00,0.000000000000000000e+00,-0.000000000000000000e+00,0.000000000000000000e+00,0.000000000000000000e+00,1.350000000000000000e+02
0.000000000000000000e+00,-0.000000000000000000e+00,-0.000000000000000000e+00,9.655171916929507861e+05,0.000000000000000000e+00,0.000000000000000000e+00,0.000000000000000000e+00,-0.000000000000000000e+00,0.000000000000000000e+00,0.000000000000000000e+00,0.000000000000000000e+00,0.000000000000000000e+00,2.000000000000000000e+01,8.500000000000000000e+01
0.000000000000000000e+00,-0.000000000000000000e+00,0.000000000000000000e+00,1.201332481187506346e+06,-0.000000000000000000e+00,0.000000000000000000e+00,-0.000000000000000000e+00,0.000000000000000000e+00,0.000000000000000000e+00,0.000000000000000000e+00,-0.000000000000000000e+00,0.000000000000000000e+00,1.030468473179253941e+01,8.500000000000000000e+01
-0.000000000000000000e+00,-0.000000000000000000e+00,-0.000000000000000000e+00,9.655171916929507861e+05,-0.000000000000000000e+00,0.000000000000000000e+00,0.000000000000000000e+00,-0.000000000000000000e+00,0.000000000000000000e+00,0.000000000000000000e+00,0.000000000000000000e+00,0.000000000000000000e+00,2.000000000000000000e+01,8.500000000000000000e+01
0.000000000000000000e+00,0.000000000000000000e+00,-0.000000000000000000e+00,9.655171916929507861e+05,-0.000000000000000000e+00,3.094433713131042509e+02,0.000000000000000000e+00,0.000000000000000000e+00,-0.000000000000000000e+00,0.000000000000000000e+00,-0.000000000000000000e+00,-0.000000000000000000e+00,1.044550131473636867e+01,8.500000000000000000e+01
0.000000000000000000e+00,-0.000000000000000000e+00,-0.000000000000000000e+00,1.072983300065702759e+06,0.000000000000000000e+00,0.000000000000000000e+00,-0.000000000000000000e+00,-0.000000000000000000e+00,0.000000000000000000e+00,0.000000000000000000e+00,-0.000000000000000000e+00,0.000000000000000000e+00,2.000000000000000000e+01,8.500000000000000000e+01
-0.000000000000000000e+00,-0.000000000000000000e+00,-0.000000000000000000e+00,1.893815809693390504e+06,-0.000000000000000000e+00,0.000000000000000000e+00,-0.000000000000000000e+00,0.000000000000000000e+00,0.000000000000000000e+00,0.000000000000000000e+00,0.000000000000000000e+00,0.000000000000000000e+00,2.000000000000000000e+01,1.350000000000000000e+02
0.000000000000000000e+00,-0.000000000000000000e+00,0.000000000000000000e+00,9.655171916929507861e+05,-0.000000000000000000e+00,0.000000000000000000e+00,-0.000000000000000000e+00,-0.000000000000000000e+00,0.000000000000000000e+00,0.000000000000000000e+00,0.000000000000000000e+00,0.000000000000000000e+00,2.000000000000000000e+01,1.350000000000000000e+02
0.000000000000000000e+00,-0.000000000000000000e+00,0.000000000000000000e+00,-0.000000000000000000e+00,0.000000000000000000e+00,-0.000000000000000000e+00,5.374148795731899008e+04,-0.000000000000000000e+00,0.000000000000000000e+00,-0.000000000000000000e+00,0.000000000000000000e+00,0.000000000000000000e+00,0.000000000000000000e+00,8.500000000000000000e+01
-0.000000000000000000e+00,-0.000000000000000000e+00,0.000000000000000000e+00,0.000000000000000000e+00,0.000000000000000000e+00,2.595138944080401870e+02,-0.000000000000000000e+00,-0.000000000000000000e+00,0.000000000000000000e+00,-0.000000000000000000e+00,0.000000000000000000e+00,0.000000000000000000e+00,0.000000000000000000e+00,8.500000000000000000e+01
0.000000000000000000e+00,-0.000000000000000000e+00,-0.000000000000000000e+00,-0.000000000000000000e+00,0.000000000000000000e+00,0.000000000000000000e+00,0.000000000000000000e+00,-0.000000000000000000e+00,0.000000000000000000e+00,0.000000000000000000e+00,0.000000000000000000e+00,0.000000000000000000e+00,2.000000000000000000e+01,8.500000000000000000e+01
0.000000000000000000e+00,-0.000000000000000000e+00,-0.000000000000000000e+00,2.053167777056095889e+06,0.000000000000000000e+00,2.595138944080401870e+02,0.000000000000000000e+00,-0.000000000000000000e+00,0.000000000000000000e+00,0.000000000000000000e+00,0.000000000000000000e+00,0.000000000000000000e+00,2.000000000000000000e+01,1.350000000000000000e+02
0.000000000000000000e+00,-0.000000000000000000e+00,0.000000000000000000e+00,9.655171916929507861e+05,0.000000000000000000e+00,-0.000000000000000000e+00,2.263528086914504820e+04,0.000000000000000000e+00,0.000000000000000000e+00,0.000000000000000000e+00,0.000000000000000000e+00,0.000000000000000000e+00,2.000000000000000000e+01,8.500000000000000000e+01
0.000000000000000000e+00,-0.000000000000000000e+00,-0.000000000000000000e+00,9.655171916929507861e+05,0.000000000000000000e+00,0.000000000000000000e+00,-0.000000000000000000e+00,-0.000000000000000000e+00,0.000000000000000000e+00,0.000000000000000000e+00,0.000000000000000000e+00,0.000000000000000000e+00,2.000000000000000000e+01,1.350000000000000000e+02
-0.000000000000000000e+00,-0.000000000000000000e+00,-0.000000000000000000e+00,1.627362496711845975e+06,-0.000000000000000000e+00,0.000000000000000000e+00,0.000000000000000000e+00,0.000000000000000000e+00,0.000000000000000000e+00,0.000000000000000000e+00,-0.000000000000000000e+00,-0.000000000000000000e+00,2.000000000000000000e+01,1.350000000000000000e+02
-0.000000000000000000e+00,-0.000000000000000000e+00,-0.000000000000000000e+00,-0.000000000000000000e+00,0.000000000000000000e+00,0.000000000000000000e+00,1.141301813867250748e+05,-0.000000000000000000e+00,0.000000000000000000e+00,0.000000000000000000e+00,-0.000000000000000000e+00,0.000000000000000000e+00,0.000000000000000000e+00,1.350000000000000000e+02
0.000000000000000000e+00,-0.000000000000000000e+00,-0.000000000000000000e+00,2.416868004670565424e+05,-0.000000000000000000e+00,0.000000000000000000e+00,2.263528086914504820e+04,-0.000000000000000000e+00,0.000000000000000000e+00,0.000000000000000000e+00,0.000000000000000000e+00,0.000000000000000000e+00,-0.000000000000000000e+00,1.350000000000000000e+02
0.000000000000000000e+00,-0.000000000000000000e+00,0.000000000000000000e+00,9.655171916929507861e+05,0.000000000000000000e+00,-0.000000000000000000e+00,0.000000000000000000e+00,-0.000000000000000000e+00,0.000000000000000000e+00,0.000000000000000000e+00,0.000000000000000000e+00,0.000000000000000000e+00,2.000000000000000000e+01,8.500000000000000000e+01
-0.000000000000000000e+00,-0.000000000000000000e+00,0.000000000000000000e+00,1.426359887007329380e+06,0.000000000000000000e+00,0.000000000000000000e+00,-0.000000000000000000e+00,0.000000000000000000e+00,0.000000000000000000e+00,2.795808775845413096e+06,-0.000000000000000000e+00,0.000000000000000000e+00,0.000000000000000000e+00,8.500000000000000000e+01
-0.000000000000000000e+00,-0.000000000000000000e+00,0.000000000000000000e+00,0.000000000000000000e+00,0.000000000000000000e+00,3.094433713131042509e+02,3.076735565494368711e+04,0.000000000000000000e+00,0.000000000000000000e+00,1.000000000000000000e+07,-0.000000000000000000e+00,0.000000000000000000e+00,0.000000000000000000e+00,8.500000000000000000e+01
0.000000000000000000e+00,-0.000000000000000000e+00,-0.000000000000000000e+00,9.655171916929507861e+05,0.000000000000000000e+00,-0.000000000000000000e+00,0.000000000000000000e+00,-0.000000000000000000e+00,0.000000000000000000e+00,0.000000000000000000e+00,0.000000000000000000e+00,0.000000000000000000e+00,2.000000000000000000e+01,8.500000000000000000e+01
0.000000000000000000e+00,-0.000000000000000000e+00,-0.000000000000000000e+00,2.340825620520538185e+06,0.000000000000000000e+00,2.595138944080401870e+02,-0.000000000000000000e+00,-0.000000000000000000e+00,0.000000000000000000e+00,1.000000000000000000e+07,-0.000000000000000000e+00,0.000000000000000000e+00,2.000000000000000000e+01,1.350000000000000000e+02
-0.000000000000000000e+00,-0.000000000000000000e+00,-0.000000000000000000e+00,2.074161200268238550e+06,0.000000000000000000e+00,0.000000000000000000e+00,-0.000000000000000000e+00,-0.000000000000000000e+00,0.000000000000000000e+00,0.000000000000000000e+00,0.000000000000000000e+00,0.000000000000000000e+00,2.000000000000000000e+01,1.350000000000000000e+02
0.000000000000000000e+00,-0.000000000000000000e+00,-0.000000000000000000e+00,0.000000000000000000e+00,0.000000000000000000e+00,3.590000000000000000e+02,1.345741859440795452e+04,-0.000000000000000000e+00,0.000000000000000000e+00,0.000000000000000000e+00,0.000000000000000000e+00,0.000000000000000000e+00,0.000000000000000000e+00,1.070922479633579911e+02
-0.000000000000000000e+00,-0.000000000000000000e+00,-0.000000000000000000e+00,-0.000000000000000000e+00,0.000000000000000000e+00,0.000000000000000000e+00,0.000000000000000000e+00,-0.000000000000000000e+00,0.000000000000000000e+00,0.000000000000000000e+00,0.000000000000000000e+00,0.000000000000000000e+00,0.000000000000000000e+00,8.500000000000000000e+01
-0.000000000000000000e+00,-0.000000000000000000e+00,0.000000000000000000e+00,1.546094566406399012e+06,0.000000000000000000e+00,0.000000000000000000e+00,-0.000000000000000000e+00,-0.000000000000000000e+00,0.000000000000000000e+00,0.000000000000000000e+00,-0.000000000000000000e+00,0.000000000000000000e+00,2.000000000000000000e+01,8.500000000000000000e+01
0.000000000000000000e+00,-0.000000000000000000e+00,-0.000000000000000000e+00,0.000000000000000000e+00,-0.000000000000000000e+00,-0.000000000000000000e+00,0.000000000000000000e+00,-0.000000000000000000e+00,-0.000000000000000000e+00,0.000000000000000000e+00,0.000000000000000000e+00,0.000000000000000000e+00,2.000000000000000000e+01,1.350000000000000000e+02
0.000000000000000000e+00,-0.000000000000000000e+00,0.000000000000000000e+00,7.355885777938212268e+05,-0.000000000000000000e+00,-0.000000000000000000e+00,0.000000000000000000e+00,-0.000000000000000000e+00,0.000000000000000000e+00,0.000000000000000000e+00,0.000000000000000000e+00,0.000000000000000000e+00,2.000000000000000000e+01,8.500000000000000000e+01
0.000000000000000000e+00,0.000000000000000000e+00,-0.000000000000000000e+00,-0.000000000000000000e+00,0.000000000000000000e+00,3.590000000000000000e+02,0.000000000000000000e+00,-0.000000000000000000e+00,-0.000000000000000000e+00,1.000000000000000000e+07,-0.000000000000000000e+00,0.000000000000000000e+00,0.000000000000000000e+00,1.350000000000000000e+02
0.000000000000000000e+00,-0.000000000000000000e+00,0.000000000000000000e+00,8.676694661322749453e+05,0.000000000000000000e+00,-0.000000000000000000e+00,-0.000000000000000000e+00,0.000000000000000000e+00,0.000000000000000000e+00,0.000000000000000000e+00,0.000000000000000000e+00,0.000000000000000000e+00,2.000000000000000000e+01,1.350000000000000000e+02
0.000000000000000000e+00,-0.000000000000000000e+00,0.000000000000000000e+00,-0.000000000000000000e+00,0.000000000000000000e+00,1.811673364904115431e+02,0.000000000000000000e+00,-0.000000000000000000e+00,0.000000000000000000e+00,0.000000000000000000e+00,-0.000000000000000000e+00,0.000000000000000000e+00,0.000000000000000000e+00,1.144493079661396706e+02
-0.000000000000000000e+00,-0.000000000000000000e+00,-0.000000000000000000e+00,-0.000000000000000000e+00,-0.000000000000000000e+00,0.000000000000000000e+00,-0.000000000000000000e+00,-0.000000000000000000e+00,0.000000000000000000e+00,0.000000000000000000e+00,0.000000000000000000e+00,0.000000000000000000e+00,2.000000000000000000e+01,1.350000000000000000e+02
0.000000000000000000e+00,-0.000000000000000000e+00,0.000000000000000000e+00,0.000000000000000000e+00,0.000000000000000000e+00,0.000000000000000000e+00,-0.000000000000000000e+00,-0.000000000000000000e+00,0.000000000000000000e+00,0.000000000000000000e+00,0.000000000000000000e+00,0.000000000000000000e+00,0.000000000000000000e+00,8.500000000000000000e+01
0.000000000000000000e+00,-0.000000000000000000e+00,-0.000000000000000000e+00,2.722590919462810270e+06,0.000000000000000000e+00,0.000000000000000000e+00,4.197559467049616796e+04,-0.000000000000000000e+00,0.000000000000000000e+00,1.000000000000000000e+07,-0.000000000000000000e+00,0.000000000000000000e+00,0.000000000000000000e+00,1.350000000000000000e+02
-0.000000000000000000e+00,-0.000000000000000000e+00,0.000000000000000000e+00,0.000000000000000000e+00,0.000000000000000000e+00,3.590000000000000000e+02,2.536690312674691086e+04,-0.000000000000000000e+00,0.000000000000000000e+00,0.000000000000000000e+00,0.000000000000000000e+00,0.000000000000000000e+00,0.000000000000000000e+00,9.277422537882991094e+01
-0.000000000000000000e+00,-0.000000000000000000e+00,-0.000000000000000000e+00,0.000000000000000000e+00,0.000000000000000000e+00,3.590000000000000000e+02,-0.000000000000000000e+00,0.000000000000000000e+00,0.000000000000000000e+00,0.000000000000000000e+00,-0.000000000000000000e+00,-0.000000000000000000e+00,0.000000000000000000e+00,1.350000000000000000e+02
0.000000000000000000e+00,-0.000000000000000000e+00,-0.000000000000000000e+00,9.655171916929507861e+05,0.000000000000000000e+00,0.000000000000000000e+00,-0.000000000000000000e+00,-0.000000000000000000e+00,0.000000000000000000e+00,1.000000000000000000e+07,0.000000000000000000e+00,0.000000000000000000e+00,0.000000000000000000e+00,8.500000000000000000e+01
-0.000000000000000000e+00,-0.000000000000000000e+00,-0.000000000000000000e+00,0.000000000000000000e+00,-0.000000000000000000e+00,0.000000000000000000e+00,0.000000000000000000e+00,0.000000000000000000e+00,0.000000000000000000e+00,0.000000000000000000e+00,0.000000000000000000e+00,0.000000000000000000e+00,0.000000000000000000e+00,1.350000000000000000e+02
-0.000000000000000000e+00,-0.000000000000000000e+00,0.000000000000000000e+00,-0.000000000000000000e+00,-0.000000000000000000e+00,-0.000000000000000000e+00,-0.000000000000000000e+00,-0.000000000000000000e+00,0.000000000000000000e+00,0.000000000000000000e+00,-0.000000000000000000e+00,0.000000000000000000e+00,0.000000000000000000e+00,1.350000000000000000e+02
-0.000000000000000000e+00,-0.000000000000000000e+00,-0.000000000000000000e+00,0.000000000000000000e+00,-0.000000000000000000e+00,0.000000000000000000e+00,-0.000000000000000000e+00,0.000000000000000000e+00,0.000000000000000000e+00,0.000000000000000000e+00,0.000000000000000000e+00,0.000000000000000000e+00,2.000000000000000000e+01,8.500000000000000000e+01
-0.000000000000000000e+00,-0.000000000000000000e+00,-0.000000000000000000e+00,0.000000000000000000e+00,-0.000000000000000000e+00,-0.000000000000000000e+00,-0.000000000000000000e+00,-0.000000000000000000e+00,0.000000000000000000e+00,0.000000000000000000e+00,0.000000000000000000e+00,0.000000000000000000e+00,2.000000000000000000e+01,8.500000000000000000e+01
0.000000000000000000e+00,-0.000000000000000000e+00,-0.000000000000000000e+00,1.756392672867433401e+06,-0.000000000000000000e+00,0.000000000000000000e+00,0.000000000000000000e+00,-0.000000000000000000e+00,0.000000000000000000e+00,0.000000000000000000e+00,0.000000000000000000e+00,0.000000000000000000e+00,2.000000000000000000e+01,1.030873996882587988e+02
0.000000000000000000e+00,-0.000000000000000000e+00,-0.000000000000000000e+00,0.000000000000000000e+00,-0.000000000000000000e+00,0.000000000000000000e+00,-0.000000000000000000e+00,-0.000000000000000000e+00,0.000000000000000000e+00,0.000000000000000000e+00,-0.000000000000000000e+00,0.000000000000000000e+00,1.780810351004565462e+01,8.500000000000000000e+01
-0.000000000000000000e+00,-0.000000000000000000e+00,0.000000000000000000e+00,9.655171916929507861e+05,-0.000000000000000000e+00,0.000000000000000000e+00,0.000000000000000000e+00,-0.000000000000000000e+00,0.000000000000000000e+00,0.000000000000000000e+00,0.000000000000000000e+00,0.000000000000000000e+00,0.000000000000000000e+00,1.043281706876127686e+02
-0.000000000000000000e+00,-0.000000000000000000e+00,-0.000000000000000000e+00,0.000000000000000000e+00,0.000000000000000000e+00,3.590000000000000000e+02,0.000000000000000000e+00,-0.000000000000000000e+00,0.000000000000000000e+00,0.000000000000000000e+00,-0.000000000000000000e+00,0.000000000000000000e+00,0.000000000000000000e+00,1.350000000000000000e+02
0.000000000000000000e+00,-0.000000000000000000e+00,-0.000000000000000000e+00,3.302838953464205377e+06,0.000000000000000000e+00,0.000000000000000000e+00,-0.000000000000000000e+00,-0.000000000000000000e+00,0.000000000000000000e+00,0.000000000000000000e+00,0.000000000000000000e+00,0.000000000000000000e+00,0.000000000000000000e+00,1.350000000000000000e+02
-0.000000000000000000e+00,-0.000000000000000000e+00,-0.000000000000000000e+00,7.327630631995117292e+05,0.000000000000000000e+00,0.000000000000000000e+00,-0.000000000000000000e+00,-0.000000000000000000e+00,0.000000000000000000e+00,-0.000000000000000000e+00,0.000000000000000000e+00,0.000000000000000000e+00,1.945598198057495409e+01,8.500000000000000000e+01
0.000000000000000000e+00,-0.000000000000000000e+00,-0.000000000000000000e+00,9.655171916929507861e+05,-0.000000000000000000e+00,0.000000000000000000e+00,0.000000000000000000e+00,-0.000000000000000000e+00,0.000000000000000000e+00,0.000000000000000000e+00,0.000000000000000000e+00,0.000000000000000000e+00,0.000000000000000000e+00,1.350000000000000000e+02
-0.000000000000000000e+00,-0.000000000000000000e+00,-0.000000000000000000e+00,1.756392672867433401e+06,-0.000000000000000000e+00,0.000000000000000000e+00,-0.000000000000000000e+00,0.000000000000000000e+00,0.000000000000000000e+00,0.000000000000000000e+00,-0.000000000000000000e+00,0.000000000000000000e+00,2.000000000000000000e+01,8.500000000000000000e+01
0.000000000000000000e+00,-0.000000000000000000e+00,0.000000000000000000e+00,-0.000000000000000000e+00,0.000000000000000000e+00,1.199516632643785385e+02,6.143866764808255539e+04,-0.000000000000000000e+00,0.000000000000000000e+00,1.000000000000000000e+07,-0.000000000000000000e+00,-0.000000000000000000e+00,0.000000000000000000e+00,8.500000000000000000e+01
0.000000000000000000e+00,-0.000000000000000000e+00,-0.000000000000000000e+00,9.655171916929507861e+05,-0.000000000000000000e+00,0.000000000000000000e+00,3.199667880453623729e+04,-0.000000000000000000e+00,-0.000000000000000000e+00,0.000000000000000000e+00,-0.000000000000000000e+00,0.000000000000000000e+00,2.000000000000000000e+01,1.030873996882587988e+02
-0.000000000000000000e+00,-0.000000000000000000e+00,0.000000000000000000e+00,1.898270503642603057e+06,0.000000000000000000e+00,2.067966244919079486e+02,-0.000000000000000000e+00,0.000000000000000000e+00,0.000000000000000000e+00,1.000000000000000000e+07,-0.000000000000000000e+00,0.000000000000000000e+00,2.000000000000000000e+01,8.500000000000000000e+01
0.000000000000000000e+00,-0.000000000000000000e+00,-0.000000000000000000e+00,9.655171916929507861e+05,0.000000000000000000e+00,0.000000000000000000e+00,-0.000000000000000000e+00,0.000000000000000000e+00,0.000000000000000000e+00,0.000000000000000000e+00,0.000000000000000000e+00,0.000000000000000000e+00,0.000000000000000000e+00,8.500000000000000000e+01
0.000000000000000000e+00,-0.000000000000000000e+00,-0.000000000000000000e+00,1.887869332158812031e+05,-0.000000000000000000e+00,0.000000000000000000e+00,0.000000000000000000e+00,0.000000000000000000e+00,0.000000000000000000e+00,-0.000000000000000000e+00,-0.000000000000000000e+00,0.000000000000000000e+00,2.000000000000000000e+01,1.333235779773984291e+02
0.000000000000000000e+00,0.000000000000000000e+00,-0.000000000000000000e+00,9.655171916929507861e+05,0.000000000000000000e+00,0.000000000000000000e+00,0.000000000000000000e+00,0.000000000000000000e+00,0.000000000000000000e+00,0.000000000000000000e+00,0.000000000000000000e+00,0.000000000000000000e+00,0.000000000000000000e+00,1.197076261654163716e+02
-0.000000000000000000e+00,-0.000000000000000000e+00,-0.000000000000000000e+00,-0.000000000000000000e+00,-0.000000000000000000e+00,0.000000000000000000e+00,-0.000000000000000000e+00,-0.000000000000000000e+00,0.000000000000000000e+00,-0.000000000000000000e+00,0.000000000000000000e+00,0.000000000000000000e+00,0.000000000000000000e+00,8.500000000000000000e+01
0.000000000000000000e+00,-0.000000000000000000e+00,0.000000000000000000e+00,9.655171916929507861e+05,0.000000000000000000e+00,0.000000000000000000e+00,5.374148795731899008e+04,-0.000000000000000000e+00,0.000000000000000000e+00,0.000000000000000000e+00,-0.000000000000000000e+00,0.000000000000000000e+00,0.000000000000000000e+00,8.500000000000000000e+01
0.000000000000000000e+00,-0.000000000000000000e+00,-0.000000000000000000e+00,-0.000000000000000000e+00,-0.000000000000000000e+00,0.000000000000000000e+00,0.000000000000000000e+00,0.000000000000000000e+00,-0.000000000000000000e+00,0.000000000000000000e+00,-0.000000000000000000e+00,0.000000000000000000e+00,0.000000000000000000e+00,1.350000000000000000e+02
-0.000000000000000000e+00,0.000000000000000000e+00,-0.000000000000000000e+00,-0.000000000000000000e+00,0.000000000000000000e+00,1.389684633122647028e+02,-0.000000000000000000e+00,-0.000000000000000000e+00,0.000000000000000000e+00,7.025870199789807200e+06,0.000000000000000000e+00,0.000000000000000000e+00,0.000000000000000000e+00,8.500000000000000000e+01
0.000000000000000000e+00,-0.000000000000000000e+00,-0.000000000000000000e+00,9.655171916929507861e+05,-0.000000000000000000e+00,0.000000000000000000e+00,0.000000000000000000e+00,-0.000000000000000000e+00,-0.000000000000000000e+00,0.000000000000000000e+00,0.000000000000000000e+00,0.000000000000000000e+00,0.000000000000000000e+00,1.030873996882587988e+02
0.000000000000000000e+00,-0.000000000000000000e+00,-0.000000000000000000e+00,9.655171916929507861e+05,0.000000000000000000e+00,0.000000000000000000e+00,-0.000000000000000000e+00,-0.000000000000000000e+00,0.000000000000000000e+00,0.000000000000000000e+00,-0.000000000000000000e+00,0.000000000000000000e+00,2.000000000000000000e+01,8.500000000000000000e+01
